84421184
3968
2900
2392
2056
1876
1692
1600
1520
1436
1360
1320
1272
1220
1188
1144
1124
1076
1056
1044
1024
996
988
968
952
936
912
912
884
872
868
864
844
848
836
820
812
800
804
780
776
776
780
760
764
752
752
740
736
736
720
716
716
720
704
712
700
696
692
688
688
676
672
676
680
668
672
668
664
656
652
656
644
644
648
648
636
644
636
636
632
628
632
620
620
624
624
616
624
620
616
616
608
612
600
604
608
608
600
608
600
604
596
596
596
588
588
592
596
584
596
588
588
588
584
584
576
576
580
584
576
580
576
576
572
572
572
564
564
568
572
564
572
568
568
564
560
564
556
556
564
568
556
564
560
556
556
552
556
548
548
552
556
548
560
552
552
548
548
548
544
540
548
552
540
552
548
548
544
540
544
540
540
544
544
540
548
540
544
548
532
540
532
536
540
544
536
540
536
536
536
532
536
528
532
536
536
528
536
532
536
532
528
532
524
528
532
532
524
536
528
532
532
528
532
520
524
524
532
520
532
524
528
528
524
524
520
520
524
528
520
528
524
524
524
524
524
516
516
524
528
520
524
520
524
520
520
524
516
516
520
524
516
524
520
520
520
516
520
512
516
520
524
516
520
516
520
520
516
516
512
512
516
520
512
520
516
516
516
512
516
508
508
512
516
512
520
516
516
512
512
512
508
508
512
516
508
520
512
516
512
508
512
508
508
508
516
504
516
508
512
512
512
512
504
504
508
512
504
516
512
508
508
508
508
504
508
508
512
504
512
508
508
508
504
508
504
504
508
512
504
512
508
508
504
504
508
500
508
500
508
504
508
504
508
504
504
504
500
500
504
508
504
508
504
504
504
504
508
500
500
504
508
500
508
504
508
504
504
504
500
500
504
508
496
508
500
504
504
500
500
496
500
504
504
496
512
500
504
504
500
504
496
496
500
504
496
504
500
504
500
496
504
496
496
500
504
500
508
500
504
504
500
500
492
496
500
504
496
504
500
504
500
496
500
492
496
500
500
496
504
500
500
496
496
500
492
492
500
504
492
504
500
500
496
496
500
492
496
500
500
492
500
500
496
496
496
496
492
492
496
500
492
500
496
500
496
492
500
492
492
496
500
492
500
496
496
496
496
500
492
492
496
500
492
500
496
496
496
492
496
492
492
496
500
492
500
496
496
496
492
496
488
492
496
500
492
500
496
500
496
492
496
488
492
496
496
492
500
496
496
492
492
496
488
488
496
496
488
500
492
496
492
492
496
488
488
492
496
492
500
492
496
492
492
496
488
492
496
496
492
496
492
496
492
492
492
488
488
496
500
492
500
492
496
496
488
496
488
492
496
496
492
500
492
500
492
492
492
488
488
492
496
492
496
492
496
496
492
492
488
488
492
496
488
496
492
496
496
492
492
488
488
492
496
488
496
492
496
496
492
492
488
484
492
496
488
496
492
496
492
488
492
488
488
492
496
488
496
492
496
496
492
492
484
488
492
496
488
496
492
496
492
492
492
484
488
492
496
488
496
492
496
492
488
492
488
484
492
492
488
496
488
496
492
488
492
488
484
492
492
488
496
492
492
492
488
492
484
488
492
492
488
496
492
492
492
488
492
488
484
492
492
488
492
492
492
488
488
492
484
488
488
492
488
496
492
492
488
488
492
484
488
492
492
488
496
488
492
492
488
488
484
488
488
492
488
492
488
492
492
492
492
484
484
492
496
488
496
492
492
492
488
488
484
488
488
492
484
496
488
492
488
488
488
484
488
492
492
484
496
492
492
488
488
492
488
488
488
492
484
496
488
492
488
488
488
484
488
492
492
488
496
492
492
492
488
492
484
488
488
492
484
492
492
492
488
488
492
484
488
492
496
488
492
488
492
488
488
488
484
484
488
492
488
496
492
488
492
488
492
488
488
488
492
488
492
488
492
488
488
488
484
484
492
492
484
492
488
492
488
488
492
484
488
492
492
484
496
492
492
488
488
488
484
488
492
492
484
492
488
492
488
484
492
484
484
488
492
484
492
488
488
488
488
488
484
484
488
492
484
492
488
488
488
488
488
480
484
488
492
484
492
488
488
488
488
492
484
484
488
492
484
496
488
492
488
484
492
484
484
488
492
488
496
492
492
488
484
492
484
484
488
488
484
492
488
492
488
488
488
484
484
488
492
484
492
488
492
488
484
488
484
484
488
492
484
492
488
492
488
484
488
484
488
488
492
488
496
488
492
492
488
488
480
484
488
488
484
492
488
492
488
484
488
484
484
488
488
484
492
488
488
488
488
492
484
484
488
488
484
492
488
488
488
488
488
484
484
488
492
484
492
488
492
488
488
488
480
484
488
488
484
492
488
488
488
484
488
480
484
488
488
484
492
484
492
488
488
488
480
484
484
492
484
496
488
488
488
484
488
484
484
488
488
484
492
488
488
488
484
488
480
484
484
492
484
492
488
492
488
484
492
480
484
484
492
484
492
488
488
488
484
488
484
484
484
492
484
492
488
488
488
488
488
480
484
488
488
484
488
488
488
484
484
488
480
480
488
492
484
492
488
488
488
484
488
480
484
488
488
484
488
488
488
484
488
488
480
484
484
492
484
492
488
488
488
488
488
484
484
484
492
484
492
488
488
484
484
488
480
480
488
488
484
492
484
488
488
484
488
480
484
488
488
484
492
484
488
488
484
488
480
480
488
492
484
492
488
488
484
484
488
480
480
484
492
484
488
488
492
488
484
488
480
484
488
488
480
492
484
488
484
484
488
480
484
484
488
484
492
484
488
484
484
488
480
484
484
488
484
492
484
488
484
484
488
484
484
488
488
484
492
484
488
488
484
488
480
480
484
492
484
488
488
488
488
484
484
480
484
488
488
480
492
484
488
488
488
488
480
480
488
488
480
492
484
488
488
484
488
480
484
488
488
484
496
484
488
488
484
488
484
480
488
492
480
492
484
488
488
484
488
480
480
488
488
484
492
488
492
488
484
488
480
484
488
488
484
492
488
488
488
484
488
480
480
488
488
484
492
488
492
488
484
488
480
484
488
492
484
492
484
492
488
484
488
480
484
488
488
484
492
488
488
488
484
488
484
484
488
492
484
492
488
492
488
484
488
480
484
488
488
484
488
488
488
484
484
488
480
484
488
488
484
488
488
488
484
484
488
480
480
488
488
480
492
484
488
488
484
488
480
484
488
488
480
492
488
488
484
484
484
484
484
488
488
480
492
484
488
484
484
484
480
484
488
492
480
492
488
492
488
484
488
480
480
484
488
484
492
484
488
484
484
484
480
480
492
488
480
492
488
488
488
484
488
480
480
488
492
484
488
488
488
488
484
488
480
484
488
488
480
492
488
488
488
484
488
480
484
488
488
480
488
484
488
484
484
484
480
480
484
488
484
492
484
488
484
484
488
480
480
484
488
480
492
488
488
488
480
488
480
484
484
488
480
488
484
488
484
484
484
480
480
484
488
484
492
488
484
488
488
484
480
480
484
488
480
492
488
484
488
484
484
480
480
484
488
480
492
488
484
488
480
488
480
484
488
488
480
488
484
488
484
484
484
480
480
488
492
484
488
484
488
484
484
484
480
480
488
488
480
488
484
488
484
484
484
480
480
484
488
484
492
488
488
488
480
488
480
484
484
488
480
488
484
488
484
484
484
480
480
484
488
480
492
488
488
488
484
488
480
480
484
488
480
492
488
488
488
484
484
480
480
484
488
480
488
484
488
484
484
488
480
480
488
488
480
492
484
488
484
484
488
480
480
488
488
484
492
484
488
484
480
488
476
480
484
488
480
488
484
484
484
484
484
480
480
484
488
480
488
484
488
488
480
488
480
480
484
488
480
492
484
488
484
484
484
480
480
484
488
480
488
484
488
488
480
488
480
480
484
488
484
492
488
488
484
484
484
480
480
484
488
480
488
484
488
484
480
488
480
480
484
488
480
492
484
488
484
484
488
480
484
488
496
476
492
484
488
484
484
488
480
480
488
488
480
488
484
488
484
484
484
480
480
484
488
480
492
484
488
484
484
488
480
480
484
488
480
488
484
484
484
484
484
480
480
484
488
480
488
484
484
484
484
488
480
480
484
488
480
488
484
488
484
484
488
480
480
484
488
484
488
484
488
484
484
484
480
480
488
484
484
492
484
488
488
484
484
480
480
484
488
480
488
484
488
484
484
488
480
484
488
488
480
492
484
488
484
484
488
480
484
488
484
484
492
488
488
484
484
488
480
480
484
488
480
488
484
488
484
484
484
480
480
484
488
484
492
488
488
484
484
488
476
480
484
488
480
488
484
488
484
480
488
480
480
484
488
484
492
484
488
484
484
484
480
480
488
488
480
488
484
484
484
480
484
480
480
484
488
480
488
484
488
484
480
484
480
476
484
488
480
488
484
488
484
484
488
480
480
484
488
480
492
484
488
484
480
484
480
476
484
488
480
488
484
488
484
484
488
476
480
484
488
480
488
484
488
484
484
484
480
476
484
484
480
488
480
484
484
480
484
476
480
484
488
476
488
484
488
480
480
484
480
480
484
488
480
488
484
488
484
484
484
480
480
484
488
480
488
484
484
484
480
488
480
476
484
488
480
488
484
484
484
484
488
480
480
484
488
480
488
480
488
480
484
488
480
480
484
488
480
488
484
484
484
480
484
480
476
484
484
480
488
480
488
484
480
484
480
480
484
488
480
488
484
488
480
484
484
480
480
484
488
476
488
480
484
484
480
484
480
476
484
484
480
488
484
488
480
480
484
476
480
484
484
480
484
484
488
480
480
484
480
476
484
488
476
488
480
484
484
480
480
480
480
484
488
476
488
480
488
480
480
484
476
480
480
488
476
488
480
488
480
480
484
476
480
484
484
480
488
480
484
484
484
484
480
480
484
488
480
488
480
484
484
480
484
480
476
484
488
476
488
480
484
484
484
484
476
480
480
484
480
484
484
488
480
480
484
480
476
484
488
476
488
480
484
484
480
484
476
480
484
484
480
488
480
484
484
484
484
476
480
484
484
480
488
480
484
484
484
484
476
480
484
484
476
488
480
484
480
480
484
476
476
484
488
480
484
484
488
480
480
484
480
480
480
484
480
488
480
484
484
484
484
476
480
484
484
476
488
480
484
484
480
484
476
480
484
484
480
488
480
488
484
480
484
480
476
484
488
480
488
480
484
484
484
484
476
480
480
484
480
484
484
484
480
480
484
476
476
484
484
480
488
484
488
484
480
484
480
476
484
484
480
488
484
488
480
480
484
476
480
480
488
480
488
484
484
484
484
484
480
480
484
488
480
488
480
488
480
480
484
476
480
484
484
480
488
484
484
484
488
484
480
476
484
488
480
488
484
488
480
480
484
476
480
480
488
476
488
480
484
484
480
484
476
480
484
484
480
488
480
484
484
480
484
476
480
484
488
480
488
480
488
484
480
484
476
480
484
488
480
488
480
488
484
480
484
480
480
484
488
480
488
484
484
484
480
484
476
480
484
488
480
488
484
484
484
480
484
476
480
484
488
480
488
484
484
484
480
484
480
480
480
488
476
488
484
488
484
484
484
480
476
484
484
480
488
480
484
484
480
484
476
480
480
488
480
488
484
488
484
484
488
480
480
484
484
480
488
480
488
484
484
484
480
476
484
488
480
488
484
488
484
484
484
476
480
484
488
480
488
480
488
484
480
484
480
476
484
484
480
488
480
488
484
484
488
480
476
484
488
480
488
484
488
484
484
484
480
480
484
488
480
488
484
488
480
484
488
480
476
484
488
480
488
480
488
480
484
484
480
476
484
484
480
488
480
488
484
484
484
480
480
484
484
480
488
480
488
484
480
484
480
480
484
488
480
488
484
484
484
480
488
476
480
484
488
480
488
484
484
484
480
484
476
480
484
488
480
492
484
484
484
480
484
476
480
484
488
480
488
484
484
484
480
484
476
480
480
488
480
488
484
488
484
484
484
480
480
484
488
480
488
484
484
484
484
484
476
480
484
488
480
492
484
484
484
480
484
476
480
484
488
480
492
484
484
484
480
484
480
480
484
488
480
488
480
488
484
480
484
476
480
480
488
476
488
484
488
484
484
484
476
480
480
488
480
488
484
484
484
480
484
476
480
484
488
480
484
484
484
484
480
484
476
480
480
488
480
488
484
484
484
484
488
480
480
484
488
480
488
480
488
484
480
484
476
480
484
488
480
488
484
488
484
484
484
480
480
484
488
480
488
484
488
480
484
484
480
480
480
488
476
488
480
488
484
480
484
476
480
484
488
480
488
480
484
484
480
484
480
476
484
484
480
484
484
488
484
480
484
480
480
480
488
476
488
480
488
480
480
484
476
480
480
488
476
488
480
488
484
480
484
476
480
484
488
480
488
480
484
484
480
484
476
480
484
488
480
488
484
484
484
480
484
480
480
484
488
480
488
480
488
484
484
488
480
480
484
488
480
488
484
488
484
484
484
480
480
484
488
476
488
484
488
484
484
484
480
480
484
488
480
488
484
484
484
484
484
480
476

484
488
480
488
484
488
480
480
484
476
480
484
484
480
488
480
484
484
484
484
480
480
480
488
480
488
480
484
484
484
484
480
480
480
484
480
484
484
488
480
480
484
480
476
484
488
476
488
480
484
484
484
484
476
480
480
484
480
484
484
488
480
480
484
480
476
484
488
480
488
480
484
480
480
484
476
476
484
488
476
488
480
484
480
484
484
476
476
484
488
476
488
480
484
480
480
484
480
476
480
488
480
484
484
488
480
480
484
480
480
484
484
480
488
480
484
480
480
484
480
476
480
484
480
488
480
484
480
480
484
480
476
480
484
480
488
484
488
484
480
484
476
476
484
488
480
488
480
488
484
480
484
480
476
484
484
480
488
480
488
484
480
480
480
480
480
484
480
488
484
488
480
480
484
480
476
480
488
480
484
484
488
484
484
480
476
476
484
488
480
484
480
484
480
480
480
476
480
484
488
480
484
480
484
480
480
480
476
476
484
484
480
488
480
484
480
480
484
476
476
480
484
476
484
484
484
480
480
480
476
476
484
488
480
484
480
484
484
480
484
480
476
480
484
480
488
480
484
480
480
484
480
476
480
484
480
488
480
484
480
480
484
480
480
480
484
476
488
480
484
484
480
480
476
476
484
488
480
484
480
484
480
480
488
472
476
480
484
480
488
480
484
480
480
484
480
480
480
484
480
488
480
484
480
480
484
476
476
488
484
480
484
480
484
484
484
484
476
476
484
488
476
488
484
488
484
480
484
476
476
484
488
480
484
484
484
484
480
484
476
476
480
484
480
484
480
484
480
480
484
480
480
480
484
476
488
484
488
484
480
484
476
476
480
484
476
488
484
484
484
480
484
480
480
484
488
480
484
480
484
480
480
484
476
480
480
484
480
484
480
484
484
476
484
476
480
484
484
480
488
480
484
484
480
480
476
476
480
484
476
484
480
484
480
480
484
476
480
484
488
476
488
480
484
484
480
480
476
476
480
484
476
484
480
484
480
480
484
480
476
484
484
480
488
480
484
480
480
480
476
476
480
484
480
484
480
484
484
480
480
476
476
480
484
476
484
480
484
484
480
480
476
476
480
484
476
484
480
484
484
480
480
476
476
480
484
476
484
480
480
480
480
480
476
476
480
484
480
484
480
484
480
480
480
476
476
480
484
480
484
480
484
484
480
480
476
476
480
484
480
488
480
484
480
480
480
476
476
480
484
480
484
480
484
484
480
480
476
476
480
484
476
484
480
484
484
480
480
476
476
480
484
480
484
480
484
480
480
480
476
480
484
484
476
484
480
484
484
480
480
476
476
480
484
480
488
480
484
480
476
480
476
476
480
480
476
484
480
484
484
480
480
476
480
480
484
476
484
480
484
480
476
484
476
476
480
484
480
488
484
484
480
480
480
476
480
484
484
484
484
480
484
480
480
484
476
480
484
484
476
488
480
484
480
480
484
480
480
484
484
476
488
480
484
480
480
484
476
480
484
484
476
484
480
484
480
476
484
476
476
480
484
476
484
480
484
484
480
480
476
476
484
484
476
484
480
484
484
480
480
476
476
484
484
476
484
480
484
484
480
480
476
480
480
484
476
484
480
484
480
476
484
476
476
480
480
476
484
480
480
480
480
480
472
476
480
480
476
484
480
480
480
480
484
480
476
480
484
476
484
480
484
480
476
480
476
476
480
484
480
484
480
484
480
480
484
476
476
480
484
476
484
480
484
480
480
480
472
476
480
484
476
484
480
484
480
480
480
476
476
480
484
476
484
480
480
480
476
480
476
476
480
484
476
488
480
480
480
480
484
476
476
480
484
476
484
480
480
480
480
480
476
476
480
484
476
484
480
480
480
476
480
476
476
480
484
476
484
480
484
484
480
480
472
476
480
480
476
484
480
484
480
476
480
476
476
480
484
476
484
480
484
480
476
480
476
476
480
480
476
484
480
484
480
480
480
472
476
476
484
476
492
476
480
480
476
480
476
476
480
480
476
484
476
484
480
480
480
476
476
480
480
476
484
476
484
480
476
480
476
476
480
484
476
484
480
480
480
480
480
476
476
480
480
476
484
476
484
480
476
480
472
476
480
484
476
484
476
484
480
476
480
472
476
480
480
476
484
480
480
480
476
480
476
472
480
484
476
484
480
484
480
480
480
476
472
480
480
476
484
480
480
480
476
480
476
476
480
484
476
488
480
480
480
476
480
472
476
476
484
476
484
480
484
480
480
480
476
476
480
484
476
484
476
484
480
476
480
472
476
480
484
476
484
480
484
480
480
480
476
472
480
480
476
484
480
480
480
476
480
476
476
480
484
476
484

480
484
480
480
480
476
476
480
484
476
488
480
480
480
476
480
472
476
480
484
476
484
480
480
480
480
480
472
476
480
484
476
484
480
484
480
476
480
476
476
480
484
476
484
484
480
480
476
480
476
476
480
480
476
484
476
484
484
480
484
476
476
480
484
476
488
480
484
480
480
484
476
476
480
484
476
484
480
484
480
480
484
476
476
480
484
476
484
480
484
480
480
480
476
476
480
484
476
484
480
480
480
476
480
476
476
480
484
476
488
480
484
480
480
484
476
476
480
484
476
484
476
484
480
480
480
472
480
476
484
476
484
476
484
480
480
480
472
476
480
484
476
484
480
484
480
480
484
476
476
480
484
476
488
480
484
480
480
484
476
476
480
484
476
484
480
480
480
480
484
476
476
480
484
480
488
480
484
480
480
480
476
476
480
484
476
484
480
480
480
480
484
476
476
480
484
476
488
480
484
480
476
480
476
476
480
480
476
492
476
484
484
480
480
476
476
480
484
476
484
480
480
480
480
484
480
476
480
484
476
488
480
484
480
476
480
476
476
480
480
476
484
480
484
484
480
480
476
476
480
484
476
484
480
480
480
480
480
476
476
480
484
476
484
480
484
480
480
484
476
476
480
484
476
484
480
484
480
476
484
476
476
480
484
476
484
480
484
484
480
480
476
476
480
484
480
484
480
484
480
480
480
476
480
484
484
476
484
480
484
484
480
480
476
476
480
484
476
484
480
484
480
476
480
476
476
480
484
476
484
480
484
484
480
480
476
476
480
484
476
484
480
484
480
476
480
476
476
484
484
476
484
480
480
480
480
480
476
476
480
484
476
484
480
484
480
476
480
480
476
484
484
476
484
480
484
480
476
480
476
472
480
484
476
488
480
484
480
480
480
472
476
480
484
476
492
476
484
480
476
480
476
476
480
484
476
488
480
484
480
480
484
476
476
480
484
476
484
476
484
480
476
480
476
476
480
480
476
484
480
480
480
476
480
476
476
480
484
476
484
480
484
480
480
484
476
476
480
484
476
484
480
484
480
480
480
472
476
480
480
476
484
480
484
480
476
480
476
476
480
484
476
484
480
484
480
480
480
476
476
480
484
476
484
480
480
480
476
480
476
476
480
484
476
488
480
484
480
480
484
476
476
480
484
476
484
480
484
484
480
480
476
476
480
484
476
484
480
484
480
480
480
476
476
480
484
476
484
480
484
480
480
484
476
476
480
484
476
484
480
480
480
476
480
472
476
480
484
476
484
480
480
480
476
480
472
476
480
484
476
488
480
480
480
476
480
472
476
476
484
476
484
480
484
480
480
480
476
472
480
480
476
484
480
484
480
480
484
476
476
480
484
476
484
480
484
480
480
480
472
476
476
484
476
484
480
480
480
480
480
476
476
480
480
476
484
476
484
480
476
480
472
476
476
484
472
484
480
484
476
480
480
476
476
480
484
476
484
480
484
480
476
480
472
476
476
484
476
484
476
484
480
476
480
472
476
480
480
476
484
480
480
480
480
480
476
476
480
484
472
484
476
484
480
476
480
476
472
480
480
476
484
480
484
480
476
480
472
476
480
480
476
480
480
484
476
476
480
472
472
480
480
476
484
484
480
480
476
480
476
472
480
484
472
484
476
480
480
480
480
472
476
480
480
476
484
480
484
480
476
480
476
476
476
484
476
484
480
480
476
476
480
476
472
480
484
476
484
480
480
476
476
480
476
472
480
484
476
480
480
484
480
476
476
476
476
480
480
476
484
476
480
480
480
480
472
472
480
484
472
484
480
480
476
476
480
472
472
480
484
476
484
480
480
476
476
480
472
472
480
480
476
484
476
480
480
476
476
476
476
476
484
476
484
480
480
476
476
480
472
476
480
480
476
484
480
484
476
476
480
472
476
480
480
476
480
480
480
480
476
480
472
476
476
484
476
484
480
480
480
480
480
476
480
480
484
476
484
476
480
480
476
480
476
472
480
484
476
484
476
484
480
476
480
472
472
480
480
476
484
480
484
480
476
480
472
476
480
480
476
484
480
484
480
476
480
472
476
480
480
476
484
480
480
476
476
480
472
476
480
480
476
484
480
480
480
480
480
476
472
480
480
476
488
480
480
480
480
480
476
476
480
484
476
484
480
484
480
476
480
480
472
476
484
476
484
476
480
480
476
480
476
472
480
480
476
484
480
484
476
476
480
472
476
480
480
476
484
480
484
480
480
480
476
476
476
484
476
484
480
480
480
480
480
476
476
476
484
476
484
480
480
480
480
480
476
476
476
484
476
484
480
480
480
480
480
472
476
480
480
476
480
480
480
476
476
480
472
476
480
480
476
484
480
480
476
476
480
472
476
480
480
476
480
480
480
476
476
480
472
472
480
480
472
484
476
480
480
476
480
472
476
480
480
476
484
476
480
480
480
480
472
476
480
480
472
484
476
480
476
476
480
476
472
476
480
476
484
476
480
480
476
480
472
472
476
480
476
480
476
480
480
476
480
472
472
476
480
476
484
476
480
476
476
476
476
476
480
480
472
480
480
484
480
476
480
472
472
476
480
472
484
476
480
480
476
480
472
472
476
480
476
484
476
480
476
476
476
472
472
480
480
476
484
476
480
476
476
476
472
472
476
484
476
484
476
480
476
476
480
472
472
476
480
472
484
480
480
480
476
476
472
472
480
484
476
480
476
480
480
476
480
476
472
476
480
476
484
476
480
480
476
480
472
472
476
480
476
484
476
480
476
476
480
472
472
476
480
476
484
476
480
480
476
480
472
472
476
480
472
480
476
480
476
476
476
472
472
476
480
476
484
480
476
480
476
476
472
472
476
480
472
484
480
488
472
476
476
472
472
476
480
472
484
480
480
480
476
476
472
472
476
480
476
484
476
480
480
476
480
476
476
480
484
476
484
476
480
476
476
480
472
472
476
480
476
480
476
480
476
476
480
472
472
476
480
472
480
476
480
476
476
480
472
472
476
480
472
488
472
480
476
476
480
472
472
476
480
472
480
476
480
476
476
480
472
472
476
480
472
480
476
480
476
476
476
472
472
476
480
472
484
480
484
480
476
480
476
476
480
484
476
480
476
480
476
476
476
472
472
480
480
476
484
480
480
480
476
480
472
472
476
480
472
484
480
480
480
476
480
476
476
480
480
472
480
476
480
476
476
476
472
472
480
484
476
480
476
480
476
476
480
476
476
476
480
472
484
476
480
476
476
480
476
472
476
480
476
480
480
484
480
476
480
472
476
480
480
476
484
476
480
480
476
480
472
472
480
484
472
484
480
480
476
476
480
476
472
476
484
476
480
480
484
480
476
476
472
476
480
480
472
484
476
480
476
476
480
476
476
480
480
472
484
480
484
480
476
480
472
472
476
480
472
484
480
480
480
476
480
472
472
476
480
476
484
476
480
476
476
480
472
472
476
480
476
484
480
480
480
476
480
472
476
480
480
476
484
476
480
476
476
480
472
472
480
484
476
484
480
480
476
476
480
476
476
476
480
476
480
476
480
480
476
480
472
472
480
480
472
484
480
480
476
476
476
476
476
480
480
472
484
476
480
476
476
480
476
476
476
480
476
484
476
480
476
476
480
476
476
480
480
472
484
480
480
480
476
480
472
472
476
480
476
480
476
480
476
476
476
472
476
480
484
476
480
476
480
476
476
476
472
472
480
484
476
484
476
480
476
476
480
472
472
476
480
472
484
480
480
476
476
476
472
472
476
480
472
484
480
476
480
476
476
472
472
476
480
472
484
480
480
476
476
476
472
472
476
480
472
484
480
480
480
476
480
472
472
476
480
472
480
476
480
476
476
476
472
476
480
484
476
480
476
480
476
476
476
472
472
476
480
472
484
480
480
480
476
480
476
476
480
484
476
480
476
480
476
476
480
472
472
476
480
472
480
476
480
476
476
476
472
472
476
480
472
484
480
480
476
476
476
472
472
476
480
472
484
476
480
476
476
476
472
472
476
480
472
480
476
480
476
472
480
476
472
476
480
472
484
476
480
476
476
480
472
476
480
480
472
484
476
480
476
476
480
472
472
476
480
472
480
476
480
476
472
480
476
472
476
480
472
480
476
480
480
476
476
472
472
476
484
476
484
480
480
476
476
480
472
472
476
480
472
480
476
480
476
476
476
472
472
476
480
476
484
480
480
476
476
480
468
472
476
480
472
480
476
480
476
476
480
472
468
476
480
472
480
476
480
476
472
480
472
472
476
480
472
480
476
480
476
476
476
472
472
480
480
472
480
476
480
476
476
476
472
472
476
484
476
484
476
480
476
472
476
472
472
476
480
472
480
476
480
480
472
476
472
472
476
480
476
484
476
480
476
476
480
472
472
476
480
472
480
476
480
476
476
480
472
472
476
480
472
480
476
480
476
476
480
472
472
476
480
476
480
476
480
476
476
476
472
472
476
484
472
480
476
476
476
476
480
472
472
476
480
472
480
476
480
480
476
476
472
472
476
480
476
480
476
480
476
476
480
472
472
476
480
472
480
476
476
476
472
476
472
472
472
480
472
480
476
480
476
476
476
472
472
476
480
472
480
476
480
480
476
476
472
472
476
480
472
480
476
480
476
476
480
472
472
476
480
472
480
476
480
476
476
476
472
472
476
480
476
484
476
480
476
476
476
472
472
476
480
472
480
476
480
476
472
476
472
472
476
480
472
480
476
476
476
476
480
472
472
476
480
472
480
476
480
476
476
480
472
472
476
476
472
480
476
480
476
476
480
472
472
476
480
472
480
476
480
476
472
476
472
472
472
480
472
480
476
480
476
476
476
472
472
476
476
472
480
476
476
476
480
472
472
472
476
480
476
484
476
480
476
476
480
472
472
476
480
472
480
476
480
476
476
476
468
472
476
476
472
480
476
480
476
472
476
472
468
476
480
472
480
476
476
476
472
476
472
472
476
476
472
480
476
480
476
472
476
472
472
476
476
472
480
476
480
476
476
476
472
472
476
480
472
480
472
480
480
476
476
468
472
476
476
472
480
476
480
476
472
476
472
468
476
480
476
484
476
480
476
476
480
472
472
476
480
472
480
472
480
476
476
476
472
472
476
480
472
480
476
480
476
472
476
472
468
476
480
472
484
476
480
480
476
476
472
472
476
480
476
484
484
476
476
472
476
472
472
476
480
472
480
476
480
480
476
476
472
476
476
480
472
480
476
480
476
476
476
472
472
480
480
472
480
476
480
480
476
476
472
472
480
480
472
480
476
480
480
476
476
472
472
476
480
472
480
476
480
480
476
476
472
472
476
480
476
480
476
480
476
472
476
472
472
476
476
476
484
476
480
476
472
476
472
472
476
480
476
484
476
480
476
472
476
472
472
476
480
476
484
476
480
476
472
476
472
472
476
480
476
484
476
480
476
472
476
472
472
476
480
476
484
476
480
476
472
476
472
472
476
480
472
484
476
480
480
472
476
472
472
476
480
472
480
476
480
480
476
476
472
472
476
480
472
480
476
480
476
476
476
472
472
476
480
476
484
480
480
476
476
476
472
472
476
480
472
480
476
480
476
476
480
472
472
476
480
472
484
476
480
476
476
476
472
472
476
480
472
484
480
480
476
476
476
472
476
480
484
476
480
476
480
476
476
476
472
472
480
484
476
480
476
480
476
476
476
476
476
480
480
472
484
484
480
480
476
476
472
476
480
480
472
484
480
480
476
476
476
476
476
476
480
476
484
476
480
480
476
480
472
472
480
484
476
484
480
480
476
476
480
476
472
480
484
476
484
480
484
480
476
480
476
472
480
480
476
484
480
480
480
480
480
476
476
480
484
476
484
476
484
480
476
480
476
472
480
480
476
484
480
484
480
476
480
472
476
480
480
476
484
480
484
480
476
480
476
472
480
480
472
484
476
480
480
480
480
472
476
480
480
476
484
476
484
480
476
480
476
476
480
480
476
484
476
480
480
476
480
472
472
480
484
476
480
480
484
480
476
480
472
472
480
484
476
480
476
480
480
476
480
476
476
476
480
472
484
480
484
480
476
480
472
472
476
480
472
484
480
480
480
476
480
476
476
480
484
476
480
476
480
476
476
480
472
472
476
480
472
480
476
480
476
476
480
472
472
476
480
476
480
476
480
480
476
480
472
472
476
480
472
484
476
480
476
476
480
472
472
476
480
476
480
476
480
480
476
480
472
472
476
480
472
484
480
480
480
476
480
476
476
480
484
476
480
476
480
476
476
480
472
472
476
480
476
484
480
480
480
476
480
472
472
476
480
472
480
480
480
480
476
480
476
476
480
480
476
480
476
480
476
476
476
472
472
480
484
476
480
476
480
476
476
480
472
472
476
480
476
484
476
480
476
476
480
472
472
476
480
476
484
480
476
476
476
480
472
472
476
480
476
484
476
480
476
476
480
472
472
476
480
476
484
476
480
480
472
480
472
472
476
480
472
484
480
480
480
476
480
476
476
476
480
472
484
480
484
480
476
480
472
472
480
484
476
480
480
484
480
476
480
472
472
480
480
476
484
480
484
480
476
476
472
476
480
480
472
484
476
480
476
476
480
476
472
476
480
476
480
480
484
480
476
480
472
476
480
480
476
484
480
480
476
476
480
472
476
480
484
476
484
480
480
480
480
480
472
476
476
480
476
484
480
480
480
480
480
472
476
476
480
476
484
480
480
476
476
480
472
476
480
480
476
484
480
484
480
476
480
476
472
480
484
476
484
480
480
476
476
480
472
472
480
480
472
484
476
480
480
476
480
472
472
480
484
472
484
480
480
476
476
480
476
472
476
484
476
480
480
484
480
476
476
472
476
480
480
476
484
476
480
476
476
480
472
472
476
484
476
480
480
484
480
476
480
472
476
480
480
476
484
476
480
480
476
480
472
472
480
484
476
480
480
484
480
476
480
472
476
480
480
472
484
476
480
476
476
480
476
476
476
480
476
484
476
480
480
476
480
476
472
476
480
476
484
476
480
476
476
480
476
472
476
480
476
484
476
480
476
476
480
476
476
476
480
472
484
480
480
476
476
476
472
476
480
480
472
484
480
480
476
476
480
476
476
476
480
476
484
476
480
476
476
480
476
472
480
480
476
480
476
480
480
476
480
476
472
476
480
476
484
476
480
476
476
480
476
476
476
480
476
484
476
480
476
476
480
476
476
476
480
476
484
476
480
476
476
480
472
472
476
484
476
480
480
484
480
476
476
476
476
480
480
476
484
476
480
480
480
480
472
472
480
480
472
484
480
480
476
476
480
476
476
476
480
476
484
476
480
480
480
480
472
472
480
484
476
484
480
484
480
476
476
476
476
480
480
476
484
476
480
476
476
480
476
476
476
480
476
484
476
480
476
476
480
476
472
476
480
476
484
476
480
476
476
480
476
476
476
480
476
484
476
480
476
476
484
472
472
476
480
476
484
476
480
476
476
480
476
472
476
480
476
484
476
480
476
476
480
476
476
476
480
476
484
476
480
476
476
476
472
476
480
484
476
480
476
480
480
476
480
476
476
480
480
472
484
480
484
480
476
480
472
472
476
480
476
484
480
480
476
476
476
476
476
480
480
472
484
480
480
480
476
476
476
476
480
480
472
484
476
480
476
476
480
476
476
476
480
476
484
476
480
480
476
480
472
472
476
480
476
480
476
480
480
480
480
472
472
476
484
476
480
476
480
480
476
480
476
472
476
480
476
484
476
480
476
476
476
472
476
480
484
476
480
476
480
476
476
480
476
476
480
480
472
480
476
480
476
476
480
472
476
480
484
476
480
476
480
476
476
476
472
472
476
480
472
484
480
484
480
476
480
476
476
480
484
476
480
476
480
476
476
480
472
472
476
480
472
480
476
480
476
476
476
472
472
476
480
472
480
476
480
476
476
476
472
472
476
480
472
484
476
480
476
476
476
472
472
476
480
472
484
480
480
476
476
476
472
472
476
480
476
484
476
480
480
480
480
472
472
480
484
476
480
480
484
480
476
476
472
476
480
480
472
484
480
480
476
476
480
472
472
480
484
472
484
480
484
480
476
480
472
472
480
484
476
484
476
480
476
476
476
472
472
476
480
476
484
480
480
476
476
476
472
472
476
480
472
484
476
480
476
476
476
472
472
476
480
472
480
476
480
476
476
476
472
472
476
480
472
480
476
480
476
476
476
472
472
476
480
472
480
476
480
476
476
480
472
476
480
484
476
480
476
480
476
476
480
476
476
476
480
472
484
480
484
480
476
480
472
472
476
480
472
484
480
480
480
476
480
472
476
480
480
472
480
476
480
476
476
476
472
472
476
480
476
484
480
480
480
476
480
472
472
476
480
472
484
480
480
480
476
480
472
472
476
480
472
484
480
480
480
476
480
472
472
476
480
476
484
476
480
476
476
476
476
476
480
484
472
480
480
480
480
476
480
476
476
476
480
472
484
480
480
480
472
480
476
476
476
480
472
480
476
480
476
476
476
472
472
480
484
476
484
476
480
480
476
480
472
472
476
480
472
480
476
480
476
476
480
472
472
476
480
472
480
476
480
476
476
476
472
472
476
480
472
480
476
480
476
476
480
472
472
476
480
472
480
476
480
476
476
480
472
472
476
480
476
480
476
480
480
472
480
476
476
480
484
480
480
476
480
480
476
480
472
472
476
480
476
484
480
480
476
476
476
472
472
476
480
472
484
480
480
480
476
480
472
472
476
480
476
484
476
480
476
476
476
472
476
480
484
476
480
476
480
480
476
480
476
476
476
480
472
484
480
484
480
476
480
472
472
476
480
476
484
476
480
476
476
476
472
476
480
484
476
484
480
484
480
476
480
472
476
480
480
472
484
480
480
476
484
476
476
472
476
484
476
480
476
484
480
476
480
472
476
480
480
476
484
476
480
480
476
480
472
472
480
484
476
484
480
480
476
476
480
472
472
480
484
472
484
476
480
480
480
480
472
476
480
480
476
480
480
480
476
476
480
472
476
480
488
472
484
480
480
480
476
480
476
472
480
480
476
484
480
480
480
476
480
476
476
480
484
476
484
480
480
480
476
480
476
476
480
480
476
484
480
484
484
480
484
476
476
480
484
476
488
480
484
480
480
480
476
476
480
484
476
484
480
484
480
476
480
476
476
480
484
476
484
480
480
480
480
484
476
476
480
484
476
484
480
480
480
480
484
476
476
480
480
476
484
480
484
480
476
480
476
476
480
484
476
484
480
480
480
476
480
472
476
480
484
476
484
480
480
480
476
480
476
476
480
480
476
484
480
484
480
476
480
476
476
480
484
476
484
480
480
480
476
480
472
476
476
484
480
484
480
480
480
476
480
476
476
480
480
476
484
476
484
480
480
480
476
476
480
484
476
484
480
484
480
480
480
476
472
480
480
476
484
476
484
480
476
480
476
476
480
484
476
484
480
484
480
480
480
476
472
480
480
476
484
480
480
480
476
480
472
476
480
484
476
484
476
484
480
476
480
472
476
476
484
476
484
476
480
480
476
480
472
476
480
480
476
484
480
480
480
476
476
476
472
480
484
472
484
476
484
480
476
480
476
472
480
484
476
484
476
480
480
476
480
476
472
480
484
472
484
476
480
480
476
480
476
476
476
480
476
484
480
480
476
476
480
472
472
480
484
472
484
476
480
480
476
480
476
476
476
484
476
484
476
480
480
476
480
476
472
480
484
476
484
480
484
480
476
480
472
476
480
484
476
484
480
480
480
476
480
476
476
480
480
476
484
480
480
480
476
480
476
472
480
480
476
484
480
480
480
476
480
476
472
480
480
476
484
480
480
480
476
480
476
476
480
480
476
484
480
480
480
476
480
472
476
480
480
476
484
480
480
480
476
480
476
472
480
480
476
484
480
480
480
476
480
476
472
480
480
476
488
476
480
480
480
480
476
476
480
484
476
484
480
484
480
476
480
472
476
480
484
476
484
480
480
480
476
480
476
472
480
484
476
484
476
484
480
476
480
472
476
480
480
476
484
480
484
476
476
480
472
476
480
480
476
484
480
484
488
472
480
476
472
480
480
476
484
480
484
476
480
480
472
476
476
484
476
484
480
480
480
476
484
476
472
480
484
476
484
476
484
480
476
480
472
476
480
480
476
480
480
484
476
476
480
472
476
480
480
476
480
480
484
476
476
480
472
476
480
480
476
484
480
484
480
476
480
476
476
476
484
476
484
480
480
476
476
480
472
472
480
480
476
484
476
480
480
476
480
476
476
480
480
476
480
480
484
480
476
480
476
472
476
484
476
484
480
480
476
476
480
472
476
480
480
476
492
472
480
480
476
480
476
476
480
484
476
484
480
480
480
476
480
476
476
480
484
476
484
476
484
480
480
480
476
472
480
480
476
484
480
480
480
476
480
472
476
480
484
476
488
480
480
480
476
480
472
476
480
484
476
484
480
484
480
480
480
476
472
480
480
476
484
480
480
480
476
480
472
476
480
484
476
484
480
484
480
476
480
476
476
480
484
476
484
480
480
480
480
484
476
472
480
480
476
484
480
480
480
476
480
476
472
480
480
476
484
480
480
480
476
480
476
476
480
480
476
484
480
480
480
480
480
476
472
480
480
476
480
480
480
480
480
480
476
472
480
480
476
484
480
480
480
476
480
476
476
480
480
476
484
480
480
480
476
480
476
476
480
480
476
484
480
480
480
476
480
476
472
480
480
476
484
480
480
480
480
480
476
472
480
480
476
484
480
484
476
476
480
476
476
476
484
476
484
476
484
484
476
480
472
476
480
480
476
484
480
480
480
480
476
476
472
480
484
476
484
480
484
476
476
480
472
476
476
484
476
484
476
484
480
476
480
476
472
480
480
476
484
480
484
480
476
480
472
476
480
480
476
480
480
480
476
476
480
472
476
480
480
476
484
480
480
476
480
480
472
476
476
484
476
484
480
484
476
480
480
476
472
480
480
476
484
480
484
480
476
480
472
476
480
484
476
484
480
480
480
480
480
476
476
480
484
476
484
480
484
480
480
480
476
476
480
484
476
484
480
484
480
480
480
476
476
480
484
476
484
480
484
480
480
484
476
476
480
480
476
484
476
484
480
480
480
476
472
480
480
476
484
476
484
480
480
480
476
472
480
480
476
484
476
484
480
476
480
476
476
480
484
480
484
480
480
480
476
480
476
476
480
484
476
484
480
484
480
476
480
476
476
480
484
476
484
480
480
480
480
484
476
476
480
480
476
480
480
480
480
480
480
476
476
480
480
476
484
480
484
476
476
480
476
476
480
484
476
484
480
484
480
476
480
472
476
480
484
476
484
480
484
476
480
480
476
476
480
484
476
484
480
484
476
480
484
476
476
480
484
472
484
476
484
480
476
480
476
472
480
484
476
484
476
484
480
476
480
476
472
480
484
476
484
480
480
480
476
480
472
476
480
480
476
484
476
480
480
476
480
476
476
476
480
476
480
480
484
480
476
476
476
476
476
480
472
484
480
480
480
476
480
472
472
480
484
476
480
480
480
480
476
480
472
472
476
480
476
484
476
480
476
476
476
476
476
480
480
472
484
480
484
480
476
480
472
472
480
480
472
484
480
480
476
476
480
472
472
480
484
476
484
480
480
476
476
480
472
472
480
484
476
484
480
480
476
476
480
476
476
476
480
476
480
476
480
480
476
480
472
476
480
480
472
484
476
480
480
476
480
472
472
480
484
476
480
480
484
480
476
480
472
476
480
480
472
484
480
480
476
476
476
476
476
480
480
472
484
476
480
476
476
476
476
476
480
480
476
484
480
480
476
476
476
472
476
480
480
472
484
480
480
480
476
476
476
476
480
480
472
484
480
480
476
476
476
476
476
480
480
472
484
480
480
476
476
480
472
472
480
484
476
480
476
480
480
476
480
472
472
480
484
476
480
480
480
480
480
480
472
472
476
480
476
484
476
480
476
476
480
476
476
480
480
472
480
480
480
480
476
480
472
472
476
480
472
484
480
484
480
472
480
472
472
476
480
472
484
480
480
480
476
480
476
476
480
480
476
480
476
480
476
476
476
472
472
476
480
472
480
480
480
476
476
476
472
472
476
480
472
484
480
480
476
476
476
472
472
476
480
472
484
480
480
480
476
480
472
472
476
480
472
484
480
484
480
476
480
472
472
476
480
472
484
480
484
480
472
480
472
472
476
480
472
484
480
484
480
476
480
472
472
476
480
472
484
480
484
480
476
480
472
472
476
480
472
484
480
480
480
476
480
472
472
476
480
472
484
480
480
480
476
480
472
472
476
480
472
484
480
480
480
476
480
476
476
480
480
476
480
476
480
476
476
480
472
472
476
480
476
480
480
480
476
476
476
472
472
476
480
472
480
476
480
476
476
476
472
472
476
480
472
484
480
480
476
476
476
472
472
476
480
476
484
480
480
480
476
480
476
476
480
484
476
480
476
480
476
476
476
472
472
476
480
472
484
480
480
480
476
480
472
472
476
480
476
484
476
480
480
476
480
476
476
476
480
476
480
480
484
480
476
480
476
472
480
484
472
484
480
480
480
480
480
472
472
480
480
476
484
476
480
480
476
480
476
476
480
480
476
484
476
480
476
476
480
476
476
476
480
472
480
480
480
480
476
480
476
472
476
480
472
484
480
480
480
476
480
476
476
480
480
472
480
476
480
480
476
480
476
476
480
480
476
480
476
480
480
476
480
472
476
480
480
472
484
480
480
476
476
480
476
476
480
480
476
484
476
480
476
476
480
472
472
476
480
476
484
476
480
480
476
480
472
472
476
480
476
480
476
480
480
476
480
472
472
476
480
476
480
476
480
480
476
480
472
472
476
484
476
480
476
480
480
480

480
472
472
480
484
476
480
476
480
480
476
480
472
472
480
480
476
484
476
480
484
472
480
476
472
476
480
476
484
476
480
476
476
480
476
476
480
480
472
484
476
480
476
476
476
476
476
480
480
472
484
484
480
476
476
476
472
476
480
480
472
484
480
480
476
476
480
476
476
476
480
476
484
480
480
476
476
480
472
476
480
480
476
484
480
480
480
480
480
476
476
480
484
476
484
480
480
480
480
480
476
472
480
480
476
484
480
480
480
476
480
476
476
480
480
476
484
476
484
480
476
480
472
476
480
484
472
484
480
484
476
480
480
476
476
480
484
476
484
480
480
480
480
480
476
472
480
480
476
484
480
480
480
480
480
476
472
480
480
476
484
480
480
480
480
480
476
476
480
480
476
484
480
480
480
480
480
476
476
480
484
476
484
480
484
480
476
480
472
476
480
480
476
484
480
480
480
480
480
476
476
480
484
476
484
476
480
480
476
476
476
476
480
484
476
484
480
480
480
480
480
476
476
476
480
476
484
480
480
480
476
480
472
476
480
480
476
484
480
480
480
480
476
476
472
480
484
476
484
480
484
476
476
480
472
476
480
480
476
484
480
480
480
480
480
476
476
476
480
476
480
480
480
476
476
480
472
472
480
480
476
484
476
480
480
476
480
472
476
480
480
476
484
476
480
480
480
480
472
476
480
480
472
484
480
480
476
476
480
476
476
476
480
476
488
476
480
480
476
480
476
472
476
480
476
484
476
480
480
476
480
476
476
480
480
472
484
480
484
480
476
480
472
472
476
484
476
484
476
480
476
476
476
472
472
476
480
476
484
476
480
476
476
476
472
472
476
480
476
484
476
480
476
476
480
472
472
476
480
472
484
480
480
480
476
480
472
472
476
480
472
484
480
480
480
476
480
476
472
476
480
472
484
480
480
480
476
480
476
476
476
480
472
484
480
480
480
476
480
472
476
480
480
472
484
476
480
476
476
480
472
472
480
480
476
484
476
480
480
476
480
476
472
480
480
476
480
480
480
480
476
480
472
476
480
484
476
484
480
484
480
480
484
476
476
484
484
476
484
480
484
480
480
480
476
476
480
484
476
484
480
484
480
480
484
476
476
480
480
476
484
480
484
480
480
480
476
476
480
484
480
484
480
484
480
476
480
476
476
480
480
476
484
480
484
480
480
480
476
476
480
480
480
488
480
484
480
476
484
476
476
480
484
476
484
480
480
480
480
480
476
476
480
484
476
488
488
480
480
480
484
476
476
480
484
476
484
480
484
484
480
484
476
480
484
488
480
484
480
484
484
476
484
480
480
484
484
480
484
480
484
480
480
484
476
480
484
484
480
484
480
484
480
480
484
476
476
480
484
476
484
480
484
480
480
484
476
476
480
484
476
484
480
484
480
480
480
476
476
480
484
476
484
488
480
480
480
484
476
476
480
484
476
484
480
484
480
480
484
476
480
484
488
480
484
480
484
484
480
484
476
476
480
484
476
488
480
484
480
480
480
476
476
484
484
480
484
480
484
484
480
480
476
476
480
484
476
484
480
484
480
480
480
476
476
480
484
480
484
480
484
480
480
484
480
480
484
488
480
488
480
484
484
480
484
480
476
484
484
480
488
480
484
484
480
484
480
480
484
484
480
488
480
484
484
480
484
476
476
480
484
480
488
480
484
484
480
480
476
476
480
484
476
484
480
484
480
480
484
476
476
484
488
476
488
480
484
484
480
480
476
476
480
484
476
484
480
484
484
476
484
476
476
480
484
476
484
480
484
484
476
484
480
480
484
484
480
488
484
484
480
480
480
476
476
480
484
480
488
480
480
480
480
480
476
480
484
484
476
484
480
484
480
476
484
476
476
480
484
480
488
480
484
480
476
480
476
476
480
484
480
488
480
484
480
476
484
476
476
480
484
480
488
476
484
480
476
484
476
476
480
484
480
488
476
484
480
476
480
476
476
484
484
476
484
480
480
480
480
484
476
476
480
480
476
484
480
480
480
480
484
476
476
480
484
476
484
480
484
480
476
480
476
476
480
484
476
484
480
480
480
476
480
476
476
480
484
476
484
480
480
480
476
480
476
476
480
484
476
488
476
484
484
480
480
472
476
480
480
476
484
480
480
480
476
480
476
476
480
484
476
484
480
480
480
476
480
476
476
480
484
476
484
480
480
480
476
480
476
476
480
480
476
484
480
484
480
480
484
476
476
480
484
476
484
480
484
480
480
480
476
476
480
484
476
484
480
484
476
480
480
476
472
480
480
480
484
480
480
480
480
480
476
472
480
480
476
484
480
480
480
480
480
476
476
476
484
476
484
476
480
480
476
480
476
472
480
484
476
484
476
484
480
476
480
476
472
480
484
472
484
476
480
480
476
480
476
476
476
480
476
484
480
484
476
476
480
476
472
480
484
476
484
480
480
476
476
480
472
472
480
484
476
484
480
480
476
476
480
476
472
480
484
476
484
480
480
476
476
480
472
476
480
480
476
484
480
484
480
476
480
476
472
480
484
476
484
480
480
480
476
480
472
480
476
480
476
484
476
480
480
480
480
472
476
480
480
472
484
476
480
476
476
480
472
472
476
484
476
480
480
480
480
480
480
472
472
480
484
476
480
476
480
480
476
480
476
472
476
480
476
484
476
480
476
476
476
472
472
480
484
476
480
476
480
476
476
480
476
476
480
480
472
480
476
480
476
476
480
476
476
480
480
476
480
476
480
476
476
476
472
472
476
480
476
484
476
480
476
476
480
472
472
476
480
476
484
476
480
476
476
480
476
476
476
480
472
484
476
480
480
476
480
472
472
480
480
476
484
476
480
476
476
476
472
476
480
480
476
480
476
480
476
476
476
472
476
480
484
476
480
476
480
476
476
476
472
472
480
480
472
484
480
484
480
476
480
476
476
480
480
476
480
476
480
476
476
480
472
472
476
480
476
480
476
480
476
476
480
476
476
480
484
476
484
476
480
480
472
480
476
472
480
480
476
484
480
480
476
476
476
472
472
476
480
472
480
476
480
476
476
480
472
472
476
480
476
480
476
480
480
472
480
476
472
480
480
476
484
480
480
476
476
476
472
472
476
480
472
480
476
480
476
476
480
472
472
476
484
476
480
476
480
480
476
480
472
472
480
480
472
484
476
480
476
476
480
472
472
476
480
476
480
476
480
480
484
472
472
472
476
480
472
484
480
480
476
476
476
472
472
476
480
472
480
476
480
476
476
476
472
472
476
480
472
480
476
480
476
476
480
476
472
480
480
476
484
476
480
476
476
480
472
472
476
480
476
484
480
480
480
476
480
472
472
476
480
476
484
480
484
480
476
480
476
476
476
480
472
480
476
480
476
476
476
472
472
480
484
476
484
476
480
476
476
480
472
472
476
480
472
484
480
484
480
476
480
472
472
476
480
472
480
476
480
480
476
480
476
476
480
480
472
480
476
480
476
476
476
472
472
476
480
476
484
476
480
480
472
480
472
472
476
480
472
480
476
480
476
476
476
472
472
476
480
476
480
476
480
476
476
480
472
472
476
480
472
480
476
480
476
476
480
472
472
476
480
472
480
476
480
476
476
480
472
472
476
480
476
484
476
480
480
476
480
472
472
476
480
472
484
480
484
480
476
480
476
476
480
480
472
480
476
480
476
476
476
472
472
476
480
472
484
476
480
476
476
476
472
472
476
480
472
484
476
480
476
476
476
472
472
476
480
472
480
476
480
476
476
480
472
472
476
480
476
480
476
480
476
476
480
472
472
476
480
472
480
476
480
476
476
480
472
472
476
480
472
480
476
480
476
476
480
472
472
476
480
472
480
476
480
476
476
476
472
472
476
480
472
480
476
480
476
476
476
472
472
476
480
476
484
476
480
480
476
480
472
472
476
480
472
484
480
484
480
476
480
472
472
476
480
472
484
480
480
480
476
480
472
472
480
484
476
480
476
480
476
476
480
476
476
476
480
476
484
476
480
476
476
480
476
472
476
480
476
480
480
480
480
480
480
472
472
480
484
476
484
480
484
480
476
480
472
476
480
480
472
484
476
480
476
476
480
472
472
476
484
476
484
480
480
480
476
476
476
476
476
480
476
480
480
484
480
476
480
480
472
480
480
476
484
476
480
480
476
480
476
472
480
484
472
484
476
480
480
476
480
476
476
476
484
476
484
480
488
472
480
480
476
476
476
484
476
484
480
480
476
476
480
472
476
480
480
476
484
480
480
476
476
480
472
476
480
480
476
484
480
480
480
476
480
472
476
480
480
476
484
480
480
480
480
480
476
476
476
484
476
484
476
480
480
476
480
472
476
480
480
476
484
476
480
480
476
480
476
476
480
480
476
484
480
480
480
480
480
476
476
480
484
476
484
480
484
476
476
480
476
476
476
484
476
484
476
484
480
476
480
476
472
480
480
476
480
480
480
480
480
480
476
476
476
484
476
484
476
480
480
476
480
476
472
480
480
476
484
480
484
480
476
480
472
476
480
480
476
484
480
480
480
480
480
476
476
480
484
476
484
480
484
480
476
480
472
476
480
484
476
484
480
480
480
476
480
476
472
480
480
476
484
480
480
480
480
480
476
476
480
480
476
484
480
484
480
476
480
472
476
480
480
476
480
480
480
480
476
480
472
476
480
480
476
484
480
480
480
480
480
472
476
476
480
476
484
480
480
476
476
480
472
476
480
480
476
484
480
484
480
476
480
476
472
480
484
472
484
476
480
480
480
480
476
476
476
480
476
484
480
480
476
476
480
472
476
480
480
476
484
480
484
480
476
480
476
472
476
480
476
480
480
484
480
476
480
472
472
480
484
476
484
480
480
476
476
480
476
472
476
484
476
484
480
480
476
476
480
476
476
476
480
476
480
480
484
480
476
476
472
476
480
480
476
484
476
480
480
476
480
476
472
480
484
476
484
476
480
476
476
480
472
472
480
484
476
484
480
480
476
476
480
472
472
480
484
476
484
480
480
476
476
480
476
476
476
480
476
480
480
484
480
476
476
476
476
476
480
476
484
480
484
480
476
480
472
472
480
480
472
484
476
480
480
476
480
476
476
480
484
472
484
476
480
480
480
480
476
476
476
480
476
484
480
480
476
476
480
472
472
480
480
472
484
476
480
480
480
480
472
476
480
480
476
484
476
480
480
476
476
476
476
476
480
476
480
480
484
480
476
476
476
476
476
480
476
480
476
484
480
476
480
472
476
480
480
476
484
476
480
480
480
480
472
476
480
480
472
484
484
476
480
476
480
472
472
480
484
472
484
480
480
476
476
480
472
472
480
480
472
484
476
480
480
472
480
472
476
480
480
476
484
476
480
480
476
480
476
476
476
480
476
480
480
484
480
476
480
476
472
480
484
476
484
480
480
480
476
480
476
476
480
480
476
484
480
484
480
476
480
476
476
480
484
476
484
480
484
480
476
480
472
476
476
484
476
484
480
484
480
476
480
476
476
480
484
476
484
480
484
476
476
480
476
476
480
484
472
484
476
484
480
476
480
472
476
480
480
476
484
480
484
480
476
480
476
472
480
484
472
484
476
480
480
476
480
476
476
476
484
476
484
480
480
476
476
484
472
476
480
480
476
480
480
480
476
476
480
472
476
480
480
476
484
480
484
480
476
480
476
472
480
484
476
484
480
480
480
476
480
476
476
480
480
476
484
480
484
484
480
484
476
476
480
484
480
484
480
480
480
476
480
472
476
480
484
476
484
476
484
484
480
480
476
476
480
484
476
488
480
480
480
476
480
476
476
480
480
476
484
480
488
476
480
480
476
476
480
484
476
484
480
484
480
480
480
476
472
480
480
476
484
480
480
480
476
480
472
476
480
484
480
484
480
480
480
480
480
472
476
480
484
476
484
476
484
480
480
484
476
476
480
484
476
484
480
480
480
476
480
472
476
480
484
476
484
480
484
480
480
480
476
476
480
484
480
484
480
480
480
476
480
476
476
480
484
476
484
480
480
480
476
480
476
476
480
484
476
484
480
484
480
480
480
476
476
480
484
480
488
480
484
484
480
480
476
476
480
484
480
484
480
484
480
480
480
472
476
480
480
476
484
480
484
480
480
484
476
476
480
484
480
488
480
484
484
480
480
476
472
480
484
476
484
480
484
480
476
480
476
476
480
484
476
484
480
484
484
480
480
476
476
480
484
476
484
480
484
480
480
484
476
476
480
484
480
488
476
484
480
476
480
476
476
480
484
476
484
480
484
484
480
480
476
476
484
484
476
484
480
484
484
480
480
476
476
480
484
480
488
480
484
480
480
484
476
476
480
484
476
484
480
484
484
480
480
476
476
480
484
480
488
480
484
480
480
484
476
476
480
484
480
484
480
484
480
480
484
476
476
480
484
476
484
480
484
480
480
480
476
476
480
484
480
488
480
484
480
480
484
476
476
480
488
476
484
484
488
484
480
484
476
476
484
488
476
488
480
484
480
480
484
480
476
484
488
476
488
484
488
480
480
484
480
476
484
488
476
488
480
484
484
480
484
476
480
484
484
480
488
484
488
480
480
484
480
476
484
488
480
488
484
488
480
480
484
476
480
480
488
480
488
480
488
484
480
484
480
480
480
488
476
488
484
488
480
484
484
480
476
484
484
480
488
484
484
484
480
484
476
480
480
488
480
488
484
488
484
484
484
480
476
484
484
480
488
480
488
484
480
484
480
480
484
484
480
488
480
488
484
484
488
480
480
484
488
480
492
484
488
484
484
488
480
480
484
488
480
488
484
488
484
484
488
476
480
484
484
480
488
484
484
484
484
488
476
480
484
488
484
488
484
488
484
484
484
480
480
488
496
476
488
484
488
484
484
484
480
480
484
492
484
492
488
488
484
484
488
480
480
488
488
484
492
484
492
488
480
488
480
484
488
488
484
492
484
488
484
484
488
480
480
484
492
484
488
484
488
488
484
488
480
480
484
492
484
488
488
492
488
484
484
484
484
484
492
484
492
488
488
484
484
488
480
484
488
488
484
492
488
492
488
484
488
480
480
488
488
484
492
488
492
488
484
488
480
480
488
488
484
492
488
492
488
484
488
480
480
488
488
484
492
488
492
488
484
488
480
480
488
488
484
492
492
488
484
484
488
480
484
488
488
484
492
488
492
484
484
488
480
484
488
488
484
492
488
492
488
484
488
480
480
488
492
480
492
484
488
488
484
488
484
484
488
488
484
488
488
492
488
484
488
484
480
488
492
480
492
484
488
488
484
488
480
484
488
488
484
492
484
488
488
484
488
484
484
484
488
484
488
488
492
488
484
488
484
480
488
492
484
492
488
492
484
488
488
484
484
488
492
484
492
488
488
488
488
488
484
484
488
488
484
492
488
488
484
484
488
484
484
488
492
484
492
488
492
488
484
488
480
484
488
488
484
492
488
488
488
484
492
484
484
488
492
484
492
484
488
488
484
488
484
484
488
492
484
492
488
488
488
484
488
480
484
488
488
484
492
484
492
488
484
488
480
484
488
488
484
492
484
488
488
484
488
480
480
488
488
480
492
488
488
484
484
488
484
484
484
488
484
492
484
488
484
484
488
480
480
484
488
484
492
484
488
484
484
488
480
480
484
488
484
492
484
488
484
484
484
480
484
488
488
480
492
488
488
488
484
488
480
480
484
488
484
492
484
488
484
484
484
480
480
488
492
484
488
484
488
484
484
484
480
484
488
488
484
488
484
488
484
484
488
484
484
488
488
480
492
488
488
484
484
488
480
480
484
492
484
488
488
492
488
484
484
484
484
484
488
484
488
488
488
488
484
488
480
480
488
488
480
492
484
488
484
484
488
484
484
484
488
484
492
484
488
484
484
488
484
484
488
488
480
492
488
488
488
480
488
484
484
488
488
480
488
484
488
484
484
484
480
480
484
488
480
492
488
488
484
484
484
480
480
484
488
480
488
484
488
484
484
488
480
480
484
488
484
492
484
488
484
484
488
480
480
484
488
480
492
488
488
488
484
488
484
484
488
488
484
488
484
488
484
484
488
480
484
488
488
480
488
484
488
484
480
488
480
484
488
488
484
492
488
488
484
484
484
480
480
484
488
480
488
484
488
484
484
488
480
480
484
492
484
492
484
488
484
480
488
480
484
488
488
484
492
488
488
484
484
484
480
480
484
488
480
488
484
492
488
484
484
480
480
484
488
484
492
488
488
484
484
488
480
480
484
488
480
488
484
488
484
480
488
480
480
484
488
480
488
484
488
484
484
484
480
480
484
488
480
492
484
488
484
484
484
476
480
484
484
480
488
484
484
484
480
484
480
476
484
488
480
492
484
484
484
480
484
480
480
484
488
480
488
484
484
484
480
484
480
480
484
484
480
488
480
488
480
484
484
480
476
484
488
480
488
484
488
480
484
488
480
476
484
484
480
488
480
488
484
480
484
476
480
480
488
476
488
484
488
480
480
484
476
480
488
484
480
488
480
484
484
480
484
480
476
484
488
480
488
480
484
484
484
484
480
480
480
488
480
484
484
484
480
480
484
480
480
484
488
476
488
480
484
484
484
484
476
480
484
484
480
484
484
488
484
480
480
480
480
480
484
480
484
484
488
484
480
480
480
480
480
484
480
488
484
484
484
484
484
476
480
484
484
476
488
480
484
480
480
484
480
476
480
484
480
488
480
484
480
480
484
480
480
480
484
476
488
484
488
484
484
484
476
476
480
484
476
488
484
484
484
480
484
480
480
484
488
480
484
480
484
480
480
480
476
476
480
484
476
488
484
484
484
480
484
480
480
484
484
480
484
480
484
480
480
480
476
480
484
484
480
484
484
488
484
480
480
476
480
484
484
476
488
480
484
484
480
484
476
480
484
488
476
488
480
484
484
480
484
476
480
484
484
480
488
480
484
484
480
480
480
480
480
488
480
488
484
484
480
480
484
476
480
484
484
480
484
484
488
480
480
484
476
480
484
484
480
484
484
488
480
480
484
476
480
484
484
480
488
484
484
480
480
484
476
480
484
484
480
484
484
484
480
480
484
476
480
484
484
480
488
484
488
484
480
484
480
476
484
488
476
488
480
484
484
484
484
476
480
484
484
480
488
480
488
484
480
480
480
480
480
484
480
484
484
488
484
480
484
480
480
480
484
480
484
484
488
480
480
484
480
480
480
488
480
484
484
488
480
480
480
480
480
480
484
480
484
480
484
484
484
484
476
476
484
488
476
488
484
488
480
480
480
476
480
484
484
476
488
480
484
484
480
484
476
476
484
488
476
488
480
484
480
480
484
480
480
480
484
480
488
480
484
480
480
484
480
476
480
484
480
488
480
484
480
480
480
476
476
484
488
480
484
480
484
480
480
480
476
476
480
484
480
488
480
484
484
480
484
476
476
480
484
480
484
480
484
480
480
484
476
480
484
488
480
484
480
484
484
480
484
476
476
480
484
476
488
480
484
480
480
484
476
476
484
488
480
488
480
484
484
480
480
476
476
480
484
480
484
480
484
484
480
480
476
476
480
484
480
484
480
484
484
480
480
476
476
480
484
480
484
480
480
480
480
480
476
476
480
484
480
488
480
484
480
480
484
476
476
480
484
476
484
480
484
480
480
480
476
476
480
484
476
484
480
484
480
480
484
476
480
484
484
480
484
480
484
484
480
484
476
476
480
484
476
484
480
484
480
480
484
472
476
480
484
476
484
480
484
480
480
480
476
476
480
484
480
484
484
484
480
480
484
480
476
480
484
476
484
480
484
480
480
484
476
476
480
484
480
488
480
484
480
480
480
476
476
480
484
476
484
480
484
480
476
480
476
476
480
480
476
484
480
480
480
480
484
476
476
480
484
476
484
480
480
480
480
484
476
476
480
484
476
484
480
480
480
480
480
476
476
480
484
476
484
480
480
480
480
484
476
476
480
484
476
484
480
480
480
480
484
476
476
480
484
476
484
480
480
480
476
480
476
476
484
484
476
484
480
484
480
476
480
476
476
480
484
476
484
480
484
480
476
480
476
472
480
484
476
488
480
484
484
480
480
476
476
480
484
480
484
480
484
484
480
480
476
480
480
484
476
484
480
484
480
476
480
476
476
480
484
476
484
480
484
480
476
480
476
476
480
484
476
484
480
484
480
476
480
476
480
480
484
476
488
476
484
484
480
480
476
476
480
484
476
484
480
484
484
480
480
476
476
480
484
480
488
480
484
484
480
480
476
480
480
484
480
488
480
484
480
480
480
476
476
480
484
480
488
480
484
484
480
480
472
476
480
480
476
484
480
480
480
480
480
476
476
480
484
476
484
480
484
484
480
480
472
476
480
484
480
484
480
484
480
476
480
476
476
480
480
476
484
480
480
480
476
480
476
476
480
484
476
484
480
484
480
480
480
476
476
480
484
480
488
480
484
480
480
484
476
476
480
484
476
484
480
484
480
476
480
476
476
480
484
476
488
480
480
480
476
480
476
476
480
484
476
484
480
480
480
476
480
476
476
480
484
476
484
480
480
480
480
480
476
472
480
480
476
484
480
480
480
476
480
476
476
480
480
476
484
480
480
480
476
484
476
472
480
480
476
484
480
484
476
476
480
472
476
480
480
476
484
480
480
480
480
480
476
476
480
484
476
484
480
480
480
480
480
476
476
484
476
476
484
480
480
480
476
480
472
476
480
480
476
484
480
484
480
476
480
476
476
480
484
476
484
480
480
476
476
480
472
472
480
480
476
484
480
484
480
476
480
476
472
480
480
476
484
480
484
480
476
480
476
472
480
480
476
484
480
484
480
476
480
476
472
480
480
476
484
476
484
480
476
480
476
472
480
480
476
484
476
480
480
476
480
476
472
480
484
476
484
476
480
480
476
480
476
476
476
484
476
484
480
480
480
476
480
472
472
480
480
476
484
476
480
480
480
480
472
476
480
480
476
484
476
480
480
480
480
472
476
480
480
476
484
476
480
480
476
480
472
472
480
484
476
484
480
480
480
476
480
476
476
476
480
476
484
476
480
480
476
480
472
472
480
484
476
484
480
484
480
476
480
472
476
480
480
472
484
480
480
476
476
480
472
476
480
480
476
480
480
484
480
476
480
476
476
476
484
476
484
480
480
476
476
480
472
472
480
484
472
484
476
480
480
476
480
472
476
480
480
472
484
476
480
476
476
480
472
472
480
484
476
484
480
480
476
480
480
472
472
476
484
476
480
480
484
480
476
480
476
476
480
480
476
484
476
480
476
476
480
476
472
476
480
476
480
476
480
480
476
480
472
472
480
484
476
480
480
480
480
476
480
472
472
476
480
476
484
476
480
476
476
476
472
476
480
484
476
480
480
480
476
476
480
476
476
480
480
472
480
476
480
476
476
476
472
472
480
480
476
484
476
480
480
476
480
472
472
476
480
476
480
476
480
476
476
480
472
472
476
480
472
480
476
480
476
476
480
472
472
476
480
472
480
476
480
476
476
480
476
476
480
480
476
484
480
480
476
476
476
472
472
476
480
472
480
476
480
480
472
480
476
472
476
480
472
480
476
480
476
476
480
472
476
480
480
476
484
480
480
476
476
476
472
472
476
480
472
480
476
480
476
476
480
476
476
480
484
476
484
476
480
480
476
480
476
476
480
484
476
484
476
480
476
476
476
472
472
476
480
476
484
476
480
476
476
480
472
472
476
480
476
484
476
480
476
476
476
472
472
480
480
476
484
476
480
476
476
480
472
472
476
480
476
484
476
480
476
476
480
472
472
476
480
472
484
480
480
484
472
480
476
476
476
480
472
480
476
480
476
476
476
472
472
480
484
476
484
476
480
476
476
476
472
472
476
480
476
484
476
480
476
476
476
472
476
480
480
476
480
476
480
480
476
480
472
472
476
480
476
484
476
480
476
476
476
472
476
480
484
476
480
480
480
480
476
480
472
472
476
480
476
484
476
480
476
476
476
472
472
480
484
476
480
480
480
480
476
480
476
476
480
480
472
484
480
484
480
476
480
472
472
476
480
476
484
476
480
476
476
476
472
472
476
480
476
480
476
480
476
476
476
472
476
480
480
472
480
476
480
480
476
480
472
472
476
480
476
484
476
480
476
476
480
476
476
476
480
472
484
476
480
476
476
476
472
476
480
480
472
484
480
484
480
476
480
472
472
480
484
476
480
480
484
480
476
480
472
476
480
484
472
484
480
484
476
476
480
476
472
476
484
476
484
480
484
480
476
476
476
476
476
480
476
480
480
484
480
476
480
476
476
476
480
476
484
480
484
480
476
480
476
472
480
484
472
484
476
480
480
480
480
476
476
476
484
476
484
476
480
480
480
480
476
480
476
484
476
484
476
480
480
480
480
476
476
476
484
476
484
476
480
480
476
476
476
472
480
484
476
484
476
480
480
476
480
476
472
480
480
476
484
476
484
480
476
480
472
476
480
480
476
480
480
480
480
480
480
476
476
476
484
476
484
476
480
480
476
480
476
472
480
480
476
484
480
480
480
480
480
476
476
480
484
476
484
480
484
476
476
480
480
472
480
484
476
484
476
484
480
476
480
472
476
480
480
476
484
480
480
480
476
480
476
476
480
480
476
484
480
484
480
476
480
476
476
480
480
476
484
476
484
480
480
480
476
476
480
484
480
484
480
480
480
476
480
476
476
480
480
476
484
480
484
480
480
480
476
476
480
484
476
488
480
484
480
480
484
476
476
480
484
480
484
480
480
480
476
480
476
476
480
480
476
484
480
484
480
480
480
476
476
480
484
476
484
480
480
480
476
480
476
476
480
484
476
484
480
484
480
480
484
476
476
480
484
476
484
480
480
480
476
480
476
476
480
484
476
484
476
484
480
480
484
476
476
480
484
480
484
480
480
480
476
480
472
476
480
484
476
484
480
480
480
476
480
476
476
480
480
476
484
480
484
480
476
480
476
476
480
480
476
484
480
480
480
476
480
472
476
480
484
476
484
480
484
480
480
480
476
472
480
480
476
484
480
484
480
476
480
472
476
480
484
476
484
480
484
480
480
484
476
472
480
480
476
484
480
484
480
476
480
476
476
480
484
476
484
480
480
480
480
480
476
476
480
480
476
484
476
480
480
476
480
472
476
480
484
476
484
476
484
480
476
480
472
476
480
484
476
484
476
480
480
476
480
472
476
480
480
476
484
480
488
476
480
480
476
472
480
480
476
484
480
480
480
480
480
476
472
480
480
476
484
480
480
480
480
480
476
476
480
484
476
484
480
484
480
480
480
476
476
480
484
472
484
476
484
480
476
480
472
476
480
480
476
484
480
480
480
476
484
476
472
480
484
476
484
480
484
480
476
480
472
476
476
484
476
484
476
480
480
476
480
476
472
480
480
476
484
484
480
476
476
480
472
476
476
484
476
484
480
480
480
480
480
476
476
476
484
476
484
476
480
480
480
480
476
476
476
484
476
484
480
480
480
476
480
476
476
480
484
476
484
480
484
480
476
480
472
476
480
480
476
484
480
480
480
480
476
476
476
480
484
472
484
476
484
480
476
480
472
476
480
484
476
484
480
480
480
476
480
476
472
480
480
476
484
480
484
476
476
480
472
476
476
484
476
484
476
480
480
476
480
476
472
480
480
476
484
480
480
476
476
480
472
476
480
484
476
484
480
480
480
480
480
476
476
480
484
476
484
476
480
480
476
476
476
472
480
484
476
484
476
480
480
476
480
476
476
476
484
476
484
480
480
480
476
480
472
476
480
480
476
480
480
484
480
476
480
476
472
480
484
476
484
480
480
476
476
480
472
472
480
480
472
484
476
480
480
476
480
472
472
480
484
472
484
480
480
476
476
480
476
472
476
480
476
484
476
480
480
476
480
472
472
476
480
476
480
476
480
480
476
480
472
472
476
480
476
484
476
480
476
476
480
480
472
476
480
472
484
476
480
476
476
476
476
476
480
480
476
484
476
480
480
480
480
472
476
480
480
476
480
480
484
480
476
480
472
472
480
480
476
484
480
484
480
476
480
472
476
480
480
476
484
480
480
480
476
480
476
476
480
480
476
484
480
480
480
476
480
472
476
476
484
476
484
480
480
480
480
484
476
476
480
480
476
484
476
484
480
480
480
476
472
480
480
476
484
476
484
480
476
480
476
476
480
480
476
484
476
484
480
476
480
476
476
480
480
476
484
480
480
480
476
480
476
476
480
484
476
484
480
480
480
476
480
472
476
480
484
476
484
480
480
480
476
480
476
476
480
484
476
488
480
480
480
476
480
472
476
480
484
476
484
480
484
480
480
480
476
472
480
484
476
484
480
488
480
480
480
476
476
480
484
476
484
480
480
480
476
480
476
476
480
480
476
484
480
484
480
480
480
476
476
480
484
476
484
480
480
480
476
480
476
476
480
480
476
484
476
484
480
480
484
476
476
480
484
476
484
480
484
480
476
480
472
476
476
484
476
484
480
480
480
476
480
472
476
476
484
476
484
480
480
480
480
480
476
476
480
480
476
484
480
484
480
476
480
472
476
480
484
476
484
476
480
480
476
480
472
476
480
480
476
484
480
480
480
480
480
476
476
480
484
472
484
476
484
480
476
480
472
476
480
480
476
484
480
480
476
476
480
472
476
476
484
476
484
480
480
480
480
480
476
476
476
484
476
484
480
480
480
480
480
476
476
476
484
476
484
476
484
480
476
480
476
476
480
484
476
484
480
484
480
476
480
476
476
480
484
476
484
480
484
480
476
480
472
476
480
480
476
484
480
480
480
480
480
476
476
480
484
472
484
476
484
480
476
480
472
472
480
480
476
484
480
484
480
476
480
476
472
480
484
476
484
476
480
480
476
476
476
476
476
484
476
484
480
480
480
476
480
472
476
480
480
476
480
476
484
480
476
476
476
476
476
480
476
484
480
480
476
476
480
476
472
476
484
476
484
480
484
476
476
480
476
476
476
484
476
480
480
484
480
476
480
476
476
476
480
476
480
480
484
480
476
476
476
476
480
480
476
484
476
480
480
472
480
472
472
480
484
472
484
476
484
480
476
480
472
472
480
480
476
484
480
484
480
476
480
472
476
480
480
476
480
480
484
480
476
480
472
472
480
480
476
484
480
484
480
476
480
476
472
480
484
472
484
476
480
480
480
480
472
476
480
480
476
480
480
484
480
476
476
476
476
476
480
476
484
476
480
476
476
480
472
472
476
480
472
484
480
480
480
476
480
476
472
476
480
472
484
480
484
480
476
480
476
476
480
480
476
480
476
480
476
476
480
472
476
480
480
472
484
480
480
480
476
480
472
476
480
480
472
484
476
480
480
480
480
472
476
480
480
476
480
476
484
480
476
480
472
476
480
480
476
484
476
480
480
480
480
472
472
480
484
480
480
476
480
480
476
480
476
476
476
480
472
484
480
484
480
476
480
472
472
476
480
476
484
476
480
476
476
480
472
472
484
476
476
484
476
480
476
476
480
472
472
476
480
476
484
480
480
480
480
480
472
472
476
480
476
480
476
480
480
476
480
472
472
476
480
476
480
476
480
476
476
480
476
476
476
480
472
484
476
480
476
476
476
472
472
480
480
476
484
476
480
476
476
476
476
476
480
480
476
480
480
480
480
480
480
472
472
476
480
476
484
476
480
476
476
480
476
476
480
480
472
484
480
484
480
476
480
472
472
480
484
476
480
480
480
480
476
480
472
472
476
480
476
484
476
480
476
476
476
472
472
480
484
476
480
476
480
476
476
476
472
472
480
484
476
480
476
480
476
476
476
472
472
476
480
472
484
480
484
480
476
480
476
476
480
488
472
480
476
480
480
472
480
476
476
480
484
476
484
476
480
480
476
476
472
472
476
480
472
480
476
480
476
476
480
472
476
480
480
476
484
480
480
476
476
476
472
472
476
480
476
480
476
480
480
476
476
472
472
476
480
472
480
476
480
480
476
476
472
472
476
480
472
480
476
480
480
476
476
472
472
476
480
472
480
476
480
476
476
476
472
472
476
480
472
480
476
480
476
476
476
472
472
476
480
472
480
476
480
476
476
480
472
472
476
480
472
480
476
480
476
476
480
476
476
480
480
476
484
480
480
476
476
476
472
472
476
480
472
480
476
480
480
476
476
472
472
476
480
476
480
476
480
476
476
476
472
472
476
480
472
484
476
480
476
476
480
472
472
476
480
472
484
476
480
476
476
480
472
472
476
484
476
484
476
480
480
476
476
472
472
476
480
476
484
476
480
476
476
480
472
472
476
480
476
484
476
480
476
476
476
472
476
480
480
472
484
480
484
480
476
480
472
472
480
484
476
480
480
484
484
476
480
472
472
480
480
472
484
480
480
480
476
476
476
476
480
480
476
484
476
480
480
476
480
472
476
480
480
476
484
480
484
480
476
480
476
472
480
484
472
484
476
480
480
480
480
476
476
476
484
476
484
476
480
480
480
480
476
476
484
480
476
484
480
480
480
480
480
476
476
476
484
476
484
480
480
480
480
480
472
476
476
480
476
484
480
480
480
484
476
472
476
480
480
476
484
480
480
480
480
480
472
476
476
480
476
484
480
480
480
480
480
472
476
476
480
476
484
480
480
480
476
480
472
476
480
480
476
484
480
480
476
476
480
472
476
480
480
476
484
480
484
480
476
480
476
472
480
484
472
484
476
480
480
480
480
472
476
480
480
476
484
476
480
480
476
480
476
476
476
480
476
484
480
484
480
476
476
476
476
476
480
476
480
480
484
480
476
480
476
472
480
484
476
484
476
480
476
476
480
472
472
480
484
472
484
476
480
480
476
480
472
472
480
484
472
484
476
480
476
476
480
472
472
480
484
476
484
480
484
480
476
476
476
476
480
480
480
480
476
480
476
476
480
476
476
476
480
476
484
476
480
476
476
480
476
476
476
480
476
484
476
480
476
476
476
472
476
480
480
472
484
480
480
480
476
480
472
472
476
480
476
484
476
480
476
476
476
472
476
480
484
476
480
476
480
480
476
480
476
476
480
480
472
480
480
480
480
476
480
472
472
476
480
472
484
480
480
480
472
480
472
472
476
480
472
480
476
480
476
476
476
472
472
476
480
472
484
476
480
476
476
476
472
472
476
480
472
480
476
480
476
476
476
472
472
476
480
472
484
480
480
480
476
476
472
472
476
480
472
484
476
480
476
476
476
472
472
476
480
472
480
476
480
476
476
480
476
476
480
480
476
484
476
484
476
476
480
472
476
480
480
472
484
476
480
476
476
480
472
476
480
480
472
484
476
480
476
472
480
472
472
476
480
472
480
476
484
476
476
476
472
472
476
480
472
480
476
480
476
476
480
472
472
476
480
476
484
476
480
476
476
476
472
472
476
480
472
480
476
480
476
472
476
472
472
476
480
472
480
476
480
480
476
476
472
476
476
480
472
480
476
476
476
476
480
472
472
476
476
472
480
476
480
480
476
476
472
468
476
480
472
480
476
480
476
476
480
468
472
476
480
472
480
476
480
476
476
480
472
472
476
480
472
480
476
480
476
476
480
472
472
476
480
476
484
476
480
476
476
476
472
472
476
480
472
480
476
480
476
476
480
472
472
476
476
472
480
476
476
476
476
480
472
472
476
476
472
480
476
476
476
476
480
472
472
476
480
472
480
472
480
476
476
476
472
472
476
476
472
480
476
476
476
472
476
472
472
476
480
472
484
476
480
476
476
480
472
472
476
480
472
480
476
480
476
472
476
472
472
480
480
472
480
480
480
476
472
476
472
472
476
480
476
484
476
480
476
476
480
472
472
476
480
472
480
476
480
476
472
476
472
472
476
480
476
484
476
480
476
476
476
472
472
476
480
472
480
476
480
476
472
476
472
472
476
480
472
480
476
476
476
472
480
472
472
476
480
472
480
476
476
476
476
480
472
472
476
480
472
480
476
476
476
476
480
472
472
476
480
476
484
476
480
476
476
476
472
468
476
480
472
480
476
480
476
472
476
472
472
476
480
472
480
476
480
476
472
476
472
472
476
480
472
480
476
480
476
476
476
472
472
476
480
472
480
476
476
476
472
476
472
472
476
480
472
480
476
480
476
476
476
472
472
476
480
472
484
476
480
476
476
480
472
472
472
480
472
480
476
480
476
476
480
472
472
476
480
472
480
476
480
476
476
480
472
472
476
480
472
480
476
480
476
476
480
472
472
472
480
472
480
476
480
476
476
480
472
472
472
480
472
480
476
476
476
472
476
472
480
472
480
472
480
476
480
476
476
476
468
472
476
480
472
480
472
480
476
476
480
472
472
472
480
472
480
476
480
476
476
480
472
472
472
480
472
480
476
476
476
476
476
472
472
476
480
476
480
476
476
476
472
476
472
468
476
480
472
480
476
480
476
472
476
472
472
476
476
472
480
476
476
476
472
476
472
472
476
480
472
480
476
476
476
472
476
472
472
476
480
476
484
480
480
476
476
476
472
472
480
484
472
484
480
480
480
476
480
476
472
480
480
476
484
480
484
480
480
480
476
480
484
484
480
488
480
484
480
480
484
476
480
484
488
480
488
484
484
484
484
488
480
480
488
488
480
492
488
492
488
484
488
480
484
484
492
484
496
484
492
488
488
492
484
484
488
492
488
496
492
496
492
488
492
488
488
492
496
492
500
496
496
492
492
492
488
492
496
496
492
500
496
496
496
496
496
488
492
496
500
496
504
496
500
496
496
496
496
496
496
504
496
504
500
504
500
500
500
496
496
504
504
500
508
500
504
500
500
504
496
500
504
508
500
508
504
508
508
504
504
500
500
504
508
500
512
504
508
508
508
508
504
504
508
512
508
516
512
512
508
508
508
504
508
512
512
508
512
512
512
512
508
512
508
508
516
516
512
520
512
516
512
512
516
512
512
516
520
512
520
516
520
520
516
520
512
512
520
524
512
524
516
520
520
516
520
516
516
520
532
512
524
520
524
524
520
524
516
520
524
528
520
528
524
528
524
524
524
520
520
524
528
524
532
524
532
528
528
528
524
524
528
532
524
536
528
532
532
532
532
524
528
532
536
528
536
532
532
532
532
532
528
528
532
536
532
540
536
536
536
532
536
528
532
536
540
532
540
536
540
540
536
540
532
536
536
544
536
544
536
544
540
540
540
536
536
540
548
540
548
540
548
544
544
544
536
540
544
548
540
552
544
548
548
548
548
544
540
548
552
544
556
552
552
548
548
552
548
548
548
556
548
556
552
552
552
552
556
548
552
556
560
548
560
552
560
556
552
556
552
548
556
560
552
564
556
560
556
556
560
552
556
560
564
556
564
560
564
560
560
560
556
556
564
564
560
568
564
568
564
564
568
560
564
568
568
564
572
568
572
568
564
568
564
564
572
576
568
572
572
576
568
568
572
568
568
572
576
568
576
572
576
576
576
576
568
572
576
580
572
580
576
580
580
576
580
572
572
580
584
576
588
580
584
580
580
584
576
580
584
584
580
588
584
588
588
584
584
580
584
588
592
580
592
584
592
588
588
592
584
584
592
596
584
592
592
596
588
588
592
584
588
592
596
588
596
592
596
596
592
596
588
588
596
600
592
600
596
600
596
596
596
592
596
600
604
596
604
600
604
604
596
604
596
600
604
608
600
608
604
604
604
604
608
600
600
608
608
604
612
604
612
612
608
608
604
604
608
612
608
616
612
616
612
612
616
608
608
612
620
612
620
612
620
616
616
620
608
612
616
624
616
624
620
620
620
616
624
616
616
624
628
616
628
620
628
628
624
624
620
620
624
632
624
632
624
632
628
628
632
624
624
628
636
628
640
632
636
632
632
636
624
628
632
640
632
640
636
640
636
636
640
628
632
636
644
636
644
636
644
640
640
640
636
636
644
648
640
648
644
648
648
644
644
640
640
648
652
644
652
648
652
648
648
652
640
644
648
656
648
656
652
656
652
648
656
648
648
652
660
648
660
656
660
656
656
656
652
652
660
664
652
668
660
664
660
660
668
656
656
664
672
660
672
664
668
664
664
668
660
660
668
676
664
676
672
676
676
672
676
668
668
672
680
668
680
676
680
676
676
680
672
676
680
684
680
684
680
688
680
680
684
680
676
684
688
680
692
688
692
688
684
688
684
684
688
696
688
696
688
696
696
688
692
688
688
692
696
688
700
696
700
696
696
700
692
692
700
708
696
708
700
704
704
700
704
696
696
704
708
704
712
708
712
708
708
708
704
704
712
716
708
716
712
716
712
712
716
708
708
716
724
708
724
716
724
716
716
720
716
716
720
728
716
732
720
724
724
720
724
720
720
728
732
724
732
728
732
728
728
732
720
724
732
736
728
740
736
736
736
736
736
728
728
740
740
732
744
740
744
744
736
744
736
736
744
752
736
748
744
748
748
744
748
740
744
748
756
744
756
752
756
752
752
756
748
748
756
760
752
764
760
760
760
760
760
752
752
764
768
756
772
764
768
764
764
768
760
760
768
772
764
776
772
776
772
768
776
768
764
776
780
772
784
776
784
776
776
784
772
772
784
788
776
788
784
788
788
780
784
776
784
784
792
784
796
792
796
792
788
796
784
784
796
800
792
804
796
804
800
796
800
796
792
804
808
796
812
804
816
800
804
808
800
800
812
812
800
816
812
816
812
812
816
808
808
816
824
812
824
820
824
820
816
824
816
812
824
832
816
832
824
832
828
824
832
824
820
832
836
824
840
836
836
832
840
832
832
828
836
844
832
848
844
844
844
840
844
840
836
848
852
844
856
852
852
852
852
852
848
844
852
860
848
864
860
864
860
856
864
852
856
864
872
860
872
864
872
868
864
872
864
864
872
876
868
884
876
880
876
876
880
872
872
880
888
876
892
884
892
884
884
892
880
880
892
896
884
900
896
896
892
892
900
888
888
900
908
892
912
900
904
904
900
904
896
900
908
912
904
916
908
916
912
912
916
908
912
916
924
912
928
920
928
924
924
928
920
916
928
936
924
940
932
936
936
932
940
928
928
940
948
932
952
944
948
944
944
948
940
940
948
956
948
960
952
960
952
952
960
948
952
956
964
956
968
964
968
964
964
972
956
960
968
980
964
984
972
980
976
976
980
972
972
980
988
976
992
984
992
988
988
992
980
980
996
1000
992
1004
996
1004
996
1000
1004
996
996
1004
1012
1000
1020
1008
1016
1012
1008
1020
1004
1008
1016
1028
1012
1028
1024
1028
1028
1024
1028
1020
1020
1032
1040
1028
1044
1036
1044
1036
1040
1044
1032
1036
1044
1052
1040
1060
1048
1056
1052
1052
1056
1048
1048
1060
1068
1052
1072
1064
1072
1064
1068
1068
1064
1060
1072
1080
1068
1088
1076
1084
1084
1076
1084
1076
1076
1088
1096
1084
1100
1096
1096
1096
1096
1100
1092
1092
1100
1108
1100
1116
1108
1116
1112
1108
1116
1108
1108
1116
1128
1116
1132
1124
1128
1124
1128
1132
1120
1124
1136
1144
1128
1148
1140
1144
1144
1144
1148
1136
1140
1152
1160
1148
1164
1160
1164
1160
1156
1168
1156
1156
1168
1180
1164
1180
1176
1184
1176
1176
1188
1172
1172
1188
1196
1180
1204
1192
1200
1196
1196
1204
1192
1192
1204
1216
1200
1224
1212
1220
1216
1216
1224
1208
1212
1224
1236
1224
1240
1232
1240
1236
1236
1244
1228
1232
1248
1256
1240
1264
1256
1260
1260
1256
1264
1252
1256
1268
1280
1264
1284
1276
1284
1280
1280
1284
1272
1280
1288
1304
1284
1308
1300
1308
1304
1300
1312
1296
1300
1316
1324
1312
1332
1324
1328
1328
1328
1332
1324
1324
1340
1352
1332
1360
1348
1356
1352
1352
1360
1344
1348
1364
1376
1360
1384
1372
1380
1380
1380
1384
1372
1376
1392
1404
1388
1408
1404
1412
1404
1404
1416
1400
1404
1420
1428
1412
1436
1428
1436
1432
1432
1440
1428
1432
1448
1460
1440
1464
1456
1468
1464
1464
1472
1456
1460
1480
1492
1476
1500
1492
1500
1496
1496
1508
1492
1496
1512
1524
1508
1536
1524
1536
1528
1528
1540
1524
1532
1548
1560
1544
1568
1560
1572
1564
1568
1580
1560
1564
1584
1596
1580
1604
1596
1608
1604
1604
1616
1600
1604
1624
1640
1616
1648
1640
1648
1648
1644
1660
1644
1648
1664
1680
1664
1688
1680
1696
1688
1692
1700
1688
1692
1712
1724
1704
1736
1728
1740
1736
1736
1752
1732
1736
1764
1776
1756
1788
1780
1788
1784
1788
1800
1784
1792
1812
1828
1804
1840
1832
1844
1840
1840
1856
1840
1848
1868
1884
1864
1896
1888
1904
1900
1900
1916
1900
1908
1928
1948
1924
1964
1956
1968
1964
1964
1984
1964
1972
2000
2016
1992
2028
2028
2036
2036
2036
2052
2040
2044
2072
2092
2068
2108
2100
2112
2108
2116
2132
2116
2124
2152
2176
2152
2192
2184
2200
2200
2200
2220
2208
2212
2244
2264
2244
2284
2280
2296
2292
2300
2320
2300
2312
2344
2368
2344
2388
2384
2404
2400
2408
2428
2412
2424
2456
2480
2460
2508
2504
2524
2520
2524
2552
2532
2544
2580
2612
2588
2636
2636
2656
2656
2664
2692
2676
2692
2732
2760
2740
2792
2788
2812
2816
2828
2860
2844
2860
2904
2940
2916
2980
2976
3004
3008
3020
3052
3040
3060
3116
3148
3132
3204
3192
3232
3236
3256
3292
3284
3304
3360
3400
3380
3460
3464
3504
3508
3532
3576
3568
3600
3668
3720
3700
3792
3808
3852
3868
3896
3956
3956
3996
4080
4140
4128
4236
4260
4324
4344
4384
4456
4468
4516
4628
4704
4704
4836
4888
4972
5020
5084
5196
5232
5312
5476
5588
5616
5808
5904
6032
6116
6228
6404
6508
6648
6924
7116
7236
7556
7816
8096
8344
8640
9044
9448
9852
10676
11272
12016
13124
14756
16596
19140
24068
38060